[gd_scene format=2]

[node name="sun" type="Spatial"]

transform = Transform( 0.781157, -0.624334, 0, 0.624334, 0.781157, 0, 0, 0, 1, 0, 0, 0 )
_sections_unfolded = [ "Transform" ]

[node name="light-1" type="DirectionalLight" parent="." index="0"]

transform = Transform( -0.798153, -0.602343, -0.0115691, -0.333997, 0.426428, 0.840599, -0.501395, 0.67479, -0.541536, 9.53674e-07, 32, 0 )
layers = 1
light_color = Color( 0.905882, 0.976471, 1, 1 )
light_energy = 0.5
light_indirect_energy = 1.0
light_negative = false
light_specular = 0.5
light_bake_mode = 1
light_cull_mask = -1
shadow_enabled = false
shadow_color = Color( 0.0705882, 0.0901961, 0.117647, 1 )
shadow_bias = 0.1
shadow_contact = 1.0
shadow_reverse_cull_face = true
editor_only = false
directional_shadow_mode = 1
directional_shadow_split_1 = 0.1
directional_shadow_split_2 = 0.2
directional_shadow_split_3 = 0.5
directional_shadow_blend_splits = false
directional_shadow_normal_bias = 0.8
directional_shadow_bias_split_scale = 0.25
directional_shadow_depth_range = 1
directional_shadow_max_distance = 200.0
_sections_unfolded = [ "Directional Shadow", "Light", "Omni", "Shadow", "Transform" ]

[node name="DirectionalLight" type="DirectionalLight" parent="." index="1"]

transform = Transform( 0.873093, -0.158784, 0.460973, -0.158784, 0.801332, 0.576763, -0.460973, -0.576762, 0.674425, 12.9296, 16.1773, 0 )
layers = 1
light_color = Color( 1, 1, 1, 1 )
light_energy = 1.0
light_indirect_energy = 1.0
light_negative = false
light_specular = 0.5
light_bake_mode = 1
light_cull_mask = -1
shadow_enabled = true
shadow_color = Color( 0, 0.254902, 0.619608, 1 )
shadow_bias = 0.1
shadow_contact = 0.0
shadow_reverse_cull_face = false
editor_only = false
directional_shadow_mode = 2
directional_shadow_split_1 = 0.1
directional_shadow_split_2 = 0.2
directional_shadow_split_3 = 0.5
directional_shadow_blend_splits = false
directional_shadow_normal_bias = 0.8
directional_shadow_bias_split_scale = 0.25
directional_shadow_depth_range = 1
directional_shadow_max_distance = 200.0
_sections_unfolded = [ "Directional Shadow", "Light", "Shadow" ]


